/home/hirwo/Documents/chia_pet/CTCF/small/LHH0086.for.BROWSER.sorted.bedgraph
[14303846, 14303847, 14303848, 14303865, 14303866] 69.0
[28987735, 28987736, 28987738, 28987754] 53.0
[47669045, 47669046, 47669047, 47669049, 47669050, 47669052, 47669064, 47669065, 47669066, 47669067, 47669068] 733.0
[52720433] 26.0
[83525809, 83525810, 83525828] 27.0
[118937583, 118937584, 118937585, 118937586, 118937588, 118937604, 118937605, 118937606, 118937607] 320.0
[158938784, 158938785, 158938792, 158938803] 42.0
[166382414, 166382415, 166382433] 36.0
[166445557, 166445558, 166445561, 166445576, 166445577] 158.0
[170591337, 170591339, 170591342, 170591343, 170591356, 170591357, 170591358, 170591359, 170591360] 87.0
[178873637] 37.0
[182743992] 36.0
[182948823, 182948824, 182948842] 60.0
[184810512, 184810513, 184810531, 184810532] 39.0
[195479403, 195479404, 195479405, 195479420, 195479421, 195479422] 47.0
[201516841, 201516842] 29.0
[229741451, 229741452, 229741453, 229741470, 229741472] 71.0
[230036434, 230036435, 230036447, 230036453, 230036454] 213.0
Noisy Peaks: 18

/home/hirwo/Documents/chia_pet/CTCF/small/LHH0048.for.BROWSER.bedgraph
[14241827, 14241828, 14241829, 14241830, 14241831, 14241832, 14241846, 14241848, 14241849, 14241850] 32.0
[14303848, 14303866] 38.0
[22069877] 220.0
[26349509, 26349510, 26349511, 26349512, 26349527, 26349528, 26349529, 26349530] 25.0
[28987735] 36.0
[40431269, 40431270, 40431271, 40431272, 40431273, 40431288, 40431289, 40431290, 40431291, 40431292] 65.0
[47669044, 47669045, 47669046, 47669047, 47669048, 47669049, 47669050, 47669051, 47669052, 47669065, 47669066, 47669067, 47669068, 47669069, 47669070, 47669071] 1041.0
[52930752, 52930754] 35.0
[53001155, 53001156, 53001158, 53001159, 53001162, 53001174, 53001175, 53001176, 53001177] 83.0
[56531900, 56531902, 56531903, 56531922] 77.0
[79654450, 79654451, 79654452, 79654453, 79654454, 79654469, 79654470, 79654471, 79654472] 70.0
[80863739, 80863740, 80863741, 80863742, 80863758] 30.0
[83525810] 37.0
[85051737, 85051738, 85051739, 85051756, 85051757] 30.0
[106886657, 106886659, 106886661, 106886674, 106886676] 33.0
[106924906, 106924907, 106924908, 106924926] 261.0
[118937583, 118937584, 118937585, 118937586, 118937587, 118937588, 118937589, 118937591, 118937604, 118937605, 118937606, 118937607] 533.0
[152804589, 152804590, 152804591, 152804606, 152804607, 152804608] 94.0
[158938784, 158938786, 158938789, 158938790, 158938791, 158938803, 158938804, 158938807, 158938809] 29.0
[166382414, 166382415, 166382416] 55.0
[167826022, 167826023, 167826024, 167826025, 167826041, 167826043] 31.0
[167877445] 47.0
[170182057, 170182059, 170182065] 25.0
[170591335, 170591336, 170591337, 170591338, 170591339, 170591342, 170591356, 170591357, 170591358, 170591359, 170591360] 1686.0
[178873636, 178873637, 178873656] 78.0
[182743992] 32.0
[182948823] 69.0
[184810512, 184810514, 184810531, 184810533] 42.0
[185044164, 185044167] 25.0
[185188779, 185188781, 185188798, 185188799] 39.0
[195479403, 195479404] 48.0
[207519207, 207519208, 207519209, 207519221, 207519224, 207519227] 63.0
[208376400] 36.0
[209288912, 209288913, 209288915, 209288916, 209288917, 209288932, 209288934, 209288935, 209288936] 31.0
[229741450, 229741451, 229741453, 229741454, 229741465, 229741466, 229741467, 229741472, 229741473] 135.0
[230036434, 230036435, 230036451, 230036453, 230036454] 205.0
Noisy Peaks: 36

/home/hirwo/Documents/chia_pet/CTCF/small/LHH0084.for.BROWSER.sorted.bedgraph
[632197, 632199] 30.0
[14303846, 14303847, 14303848, 14303865, 14303866] 47.0
[28987735, 28987736, 28987738, 28987754] 41.0
[47669045, 47669046, 47669047, 47669049, 47669052, 47669064, 47669065, 47669066, 47669067, 47669068] 685.0
[56531900, 56531902, 56531903, 56531907, 56531913, 56531922] 64.0
[118937584, 118937585, 118937586, 118937589, 118937603, 118937604, 118937605, 118937606, 118937607] 315.0
[158938784, 158938785, 158938788] 24.0
[166382414, 166382415, 166382416, 166382417, 166382433] 44.0
[166445557, 166445558, 166445576] 120.0
[167877445] 26.0
[170591337, 170591339, 170591356, 170591357, 170591358] 245.0
[178873637] 31.0
[182948823, 182948824, 182948842] 73.0
[184810512, 184810513, 184810514, 184810531, 184810532, 184810533] 35.0
[195479403, 195479404, 195479422] 41.0
[208376400, 208376403] 32.0
[229741451, 229741453, 229741472] 55.0
[230036434, 230036435, 230036452, 230036453] 190.0
Noisy Peaks: 18

/home/hirwo/Documents/chia_pet/CTCF/small/LHH0054L.for.BROWSER.sorted.bedgraph
[14303848, 14303858, 14303866] 45.0
[28987735] 55.0
[47669044, 47669045, 47669046, 47669047, 47669049, 47669051, 47669052, 47669053, 47669064, 47669065, 47669066, 47669067, 47669068, 47669069] 938.0
[56531900, 56531903] 59.0
[83525810] 30.0
[114828329, 114828333] 21.0
[118937582, 118937583, 118937584, 118937585, 118937586, 118937588, 118937589, 118937604, 118937605, 118937606, 118937607] 509.0
[158938784, 158938786, 158938788, 158938790, 158938791, 158938803, 158938805, 158938807] 40.0
[166382414, 166382415] 52.0
[167877445] 52.0
[170182057] 25.0
[170591337, 170591338, 170591339, 170591356, 170591357, 170591358, 170591359, 170591360] 1490.0
[178873637, 178873638, 178873649] 27.0
[182743992] 32.0
[182948823] 65.0
[184810512, 184810531] 34.0
[185044164, 185044167] 33.0
[195479403, 195479407] 53.0
[208376400] 29.0
[229741450, 229741451, 229741453, 229741455, 229741470, 229741472, 229741473] 139.0
[230036434, 230036435, 230036452, 230036453, 230036454] 177.0
Noisy Peaks: 21
